0 127834 0 0 k:11021123:ahRldmVudHJhY2tlcnNjYWxldGVzdHIkCxIURGltZW5zaW9uT25lTGV2ZWxPbmUiCms6MDE6MDE6MDEM:ahRldmVudHJhY2tlcnNjYWxldGVzdHIkCxIURGltZW5zaW9uVHdvTGV2ZWxPbmUiCms6MDE6MDE6MDEM 1297468018.73
0 127834 0 0 k:11021123:ahRldmVudHJhY2tlcnNjYWxldGVzdHIkCxIURGltZW5zaW9uT25lTGV2ZWxPbmUiCms6MDE6MDE6MDEM: 1297468018.73
127929 127834 0 0 k:11021123::ahRldmVudHJhY2tlcnNjYWxldGVzdHIkCxIURGltZW5zaW9uVHdvTGV2ZWxPbmUiCms6MDE6MDE6MDEM 1297468018.73
